# Created by Octave 7.1.0, Fri Jul 08 21:59:55 2022 GMT <unknown@DESKTOP-BSRPH44>
# name: A
# type: matrix
# rows: 4
# columns: 4
 3 7 -4 12
 -5 9 10 2
 6 13 8 11
 17 5 4 1


# name: B
# type: matrix
# rows: 1
# columns: 601
 1 1.01 1.02 1.03 1.04 1.05 1.0600000000000001 1.0700000000000001 1.0800000000000001 1.0900000000000001 1.1000000000000001 1.1100000000000001 1.1200000000000001 1.1299999999999999 1.1400000000000001 1.1499999999999999 1.1599999999999999 1.1699999999999999 1.1799999999999999 1.1899999999999999 1.2 1.21 1.22 1.23 1.24 1.25 1.26 1.27 1.28 1.29 1.3 1.3100000000000001 1.3200000000000001 1.3300000000000001 1.3400000000000001 1.3500000000000001 1.3599999999999999 1.3700000000000001 1.3799999999999999 1.3900000000000001 1.3999999999999999 1.4100000000000001 1.4199999999999999 1.4299999999999999 1.4399999999999999 1.45 1.46 1.47 1.48 1.49 1.5 1.51 1.52 1.53 1.54 1.55 1.5600000000000001 1.5700000000000001 1.5800000000000001 1.5899999999999999 1.6000000000000001 1.6099999999999999 1.6200000000000001 1.6299999999999999 1.6400000000000001 1.6499999999999999 1.6600000000000001 1.6699999999999999 1.6800000000000002 1.6899999999999999 1.7000000000000002 1.71 1.72 1.73 1.74 1.75 1.76 1.77 1.78 1.79 1.8 1.8100000000000001 1.8200000000000001 1.8300000000000001 1.8399999999999999 1.8500000000000001 1.8599999999999999 1.8700000000000001 1.8799999999999999 1.8900000000000001 1.8999999999999999 1.9100000000000001 1.9199999999999999 1.9300000000000002 1.9399999999999999 1.9500000000000002 1.96 1.97 1.98 1.99 2 2.0099999999999998 2.02 2.0300000000000002 2.04 2.0499999999999998 2.0600000000000001 2.0700000000000003 2.0800000000000001 2.0899999999999999 2.1000000000000001 2.1100000000000003 2.1200000000000001 2.1299999999999999 2.1400000000000001 2.1500000000000004 2.1600000000000001 2.1699999999999999 2.1799999999999997 2.1899999999999999 2.2000000000000002 2.21 2.2199999999999998 2.23 2.2400000000000002 2.25 2.2599999999999998 2.27 2.2800000000000002 2.29 2.2999999999999998 2.3100000000000001 2.3200000000000003 2.3300000000000001 2.3399999999999999 2.3500000000000001 2.3600000000000003 2.3700000000000001 2.3799999999999999 2.3900000000000001 2.4000000000000004 2.4100000000000001 2.4199999999999999 2.4299999999999997 2.4399999999999999 2.4500000000000002 2.46 2.4699999999999998 2.48 2.4900000000000002 2.5 2.5099999999999998 2.52 2.5300000000000002 2.54 2.5499999999999998 2.5600000000000001 2.5700000000000003 2.5800000000000001 2.5899999999999999 2.6000000000000001 2.6100000000000003 2.6200000000000001 2.6299999999999999 2.6400000000000001 2.6500000000000004 2.6600000000000001 2.6699999999999999 2.6799999999999997 2.6899999999999999 2.7000000000000002 2.71 2.7199999999999998 2.73 2.7400000000000002 2.75 2.7599999999999998 2.77 2.7800000000000002 2.79 2.7999999999999998 2.8100000000000001 2.8200000000000003 2.8300000000000001 2.8399999999999999 2.8500000000000001 2.8600000000000003 2.8700000000000001 2.8799999999999999 2.8900000000000001 2.9000000000000004 2.9100000000000001 2.9199999999999999 2.9299999999999997 2.9399999999999999 2.9500000000000002 2.96 2.9699999999999998 2.98 2.9900000000000002 3 3.0100000000000002 3.02 3.0300000000000002 3.04 3.0499999999999998 3.0600000000000001 3.0699999999999998 3.0800000000000001 3.0899999999999999 3.1000000000000001 3.1099999999999999 3.1200000000000001 3.1299999999999999 3.1400000000000001 3.1499999999999999 3.1600000000000001 3.1699999999999999 3.1800000000000002 3.1899999999999999 3.2000000000000002 3.21 3.2200000000000002 3.23 3.2400000000000002 3.25 3.2600000000000002 3.27 3.2800000000000002 3.29 3.3000000000000003 3.3100000000000001 3.3199999999999998 3.3300000000000001 3.3399999999999999 3.3500000000000001 3.3599999999999999 3.3700000000000001 3.3799999999999999 3.3900000000000001 3.3999999999999999 3.4100000000000001 3.4199999999999999 3.4300000000000002 3.4399999999999999 3.4500000000000002 3.46 3.4700000000000002 3.48 3.4900000000000002 3.5 3.5100000000000002 3.52 3.5300000000000002 3.54 3.5500000000000003 3.5600000000000001 3.5699999999999998 3.5800000000000001 3.5899999999999999 3.6000000000000001 3.6099999999999999 3.6200000000000001 3.6299999999999999 3.6400000000000001 3.6499999999999999 3.6600000000000001 3.6699999999999999 3.6800000000000002 3.6899999999999999 3.7000000000000002 3.71 3.7200000000000002 3.73 3.7400000000000002 3.75 3.7600000000000002 3.77 3.7800000000000002 3.79 3.8000000000000003 3.8100000000000001 3.8199999999999998 3.8300000000000001 3.8399999999999999 3.8500000000000001 3.8599999999999999 3.8700000000000001 3.8799999999999999 3.8900000000000001 3.8999999999999999 3.9100000000000001 3.9199999999999999 3.9300000000000002 3.9399999999999999 3.9500000000000002 3.96 3.9700000000000002 3.98 3.9900000000000002 4 4.0099999999999998 4.0199999999999996 4.0300000000000002 4.04 4.0500000000000007 4.0600000000000005 4.0700000000000003 4.0800000000000001 4.0899999999999999 4.0999999999999996 4.1099999999999994 4.1200000000000001 4.1299999999999999 4.1400000000000006 4.1500000000000004 4.1600000000000001 4.1699999999999999 4.1799999999999997 4.1899999999999995 4.2000000000000002 4.21 4.2200000000000006 4.2300000000000004 4.2400000000000002 4.25 4.2599999999999998 4.2699999999999996 4.2800000000000002 4.29 4.3000000000000007 4.3100000000000005 4.3200000000000003 4.3300000000000001 4.3399999999999999 4.3499999999999996 4.3599999999999994 4.3700000000000001 4.3799999999999999 4.3900000000000006 4.4000000000000004 4.4100000000000001 4.4199999999999999 4.4299999999999997 4.4399999999999995 4.4500000000000002 4.46 4.4700000000000006 4.4800000000000004 4.4900000000000002 4.5 4.5099999999999998 4.5199999999999996 4.5300000000000002 4.54 4.5500000000000007 4.5600000000000005 4.5700000000000003 4.5800000000000001 4.5899999999999999 4.5999999999999996 4.6099999999999994 4.6200000000000001 4.6299999999999999 4.6400000000000006 4.6500000000000004 4.6600000000000001 4.6699999999999999 4.6799999999999997 4.6899999999999995 4.7000000000000002 4.71 4.7200000000000006 4.7300000000000004 4.7400000000000002 4.75 4.7599999999999998 4.7699999999999996 4.7800000000000002 4.79 4.8000000000000007 4.8100000000000005 4.8200000000000003 4.8300000000000001 4.8399999999999999 4.8499999999999996 4.8599999999999994 4.8700000000000001 4.8799999999999999 4.8900000000000006 4.9000000000000004 4.9100000000000001 4.9199999999999999 4.9299999999999997 4.9399999999999995 4.9500000000000002 4.96 4.9700000000000006 4.9800000000000004 4.9900000000000002 5 5.0099999999999998 5.0200000000000005 5.0300000000000002 5.04 5.0499999999999998 5.0600000000000005 5.0700000000000003 5.0800000000000001 5.0899999999999999 5.0999999999999996 5.1100000000000003 5.1200000000000001 5.1299999999999999 5.1399999999999997 5.1500000000000004 5.1600000000000001 5.1699999999999999 5.1799999999999997 5.1900000000000004 5.2000000000000002 5.21 5.2199999999999998 5.2300000000000004 5.2400000000000002 5.25 5.2599999999999998 5.2700000000000005 5.2800000000000002 5.29 5.2999999999999998 5.3100000000000005 5.3200000000000003 5.3300000000000001 5.3399999999999999 5.3500000000000005 5.3600000000000003 5.3700000000000001 5.3799999999999999 5.3899999999999997 5.4000000000000004 5.4100000000000001 5.4199999999999999 5.4299999999999997 5.4400000000000004 5.4500000000000002 5.46 5.4699999999999998 5.4800000000000004 5.4900000000000002 5.5 5.5099999999999998 5.5200000000000005 5.5300000000000002 5.54 5.5499999999999998 5.5600000000000005 5.5700000000000003 5.5800000000000001 5.5899999999999999 5.6000000000000005 5.6100000000000003 5.6200000000000001 5.6299999999999999 5.6399999999999997 5.6500000000000004 5.6600000000000001 5.6699999999999999 5.6799999999999997 5.6900000000000004 5.7000000000000002 5.71 5.7199999999999998 5.7300000000000004 5.7400000000000002 5.75 5.7599999999999998 5.7700000000000005 5.7800000000000002 5.79 5.7999999999999998 5.8100000000000005 5.8200000000000003 5.8300000000000001 5.8399999999999999 5.8500000000000005 5.8600000000000003 