# Created by Octave 7.1.0, Thu Aug 04 10:46:49 2022 GMT <unknown@DESKTOP-BSRPH44>
# name: xmin
# type: scalar
0.5


# name: fmin
# type: scalar
5.25


